1000100101
1000100111
1000101101
1000101111
1000110011
1000110101
1000110111
1000111011
1000111101
1000111111
1001100101
1001100111
1001101101
1001101111
1001110011
1001110101
1001110111
1001111011
1001111101
1001111111
1010100011
1010100101
1010100111
1010101011
1010101101
1010101111
1010110011
1010110101
1010110111
1010111011
1010111101
1010111111
1011100011
1011100101
1011100111
1011101011
1011101101
1011101111
1011110011
1011110101
1011110111
1011111011
1011111101
1011111111
1100010101
1100010111
1100011111
1100100101
1100100111
1100101101
1100101111
1100110101
1100110111
1100111101
1100111111
1101010101
1101010111
1101011111
1101100101
1101100111
1101101101
1101101111
1101110101
1101110111
1101111101
1101111111
1110001011
1110001101
1110001111
1110010101
1110010111
1110011111
1110100101
1110100111
1110101101
1110101111
1110110011
1110110101
1110110111
1110111011
1110111101
1110111111
1111001011
1111001101
1111001111
1111010101
1111010111
1111011111
1111100101
1111100111
1111101101
1111101111
1111110011
1111110101
1111110111
1111111011
1111111101
1111111111
