100001000100101
100001000100111
100001000101101
100001000101111
100001000110011
100001000110101
100001000110111
100001000111011
100001000111101
100001000111111
100001001100101
100001001100111
100001001101101
100001001101111
100001001110011
100001001110101
100001001110111
100001001111011
100001001111101
100001001111111
100001010100011
100001010100101
100001010100111
100001010101011
100001010101101
100001010101111
100001010110011
100001010110101
100001010110111
100001010111011
100001010111101
100001010111111
100001011100011
100001011100101
100001011100111
100001011101011
100001011101101
100001011101111
100001011110011
100001011110101
100001011110111
100001011111011
100001011111101
100001011111111
100001100010101
100001100010111
100001100011111
100001100100101
100001100100111
100001100101101
100001100101111
100001100110101
100001100110111
100001100111101
100001100111111
100001101010101
100001101010111
100001101011111
100001101100101
100001101100111
100001101101101
100001101101111
100001101110101
100001101110111
100001101111101
100001101111111
100001110001011
100001110001101
100001110001111
100001110010101
100001110010111
100001110011111
100001110100101
100001110100111
100001110101101
100001110101111
100001110110011
100001110110101
100001110110111
100001110111011
100001110111101
100001110111111
100001111001011
100001111001101
100001111001111
100001111010101
100001111010111
100001111011111
100001111100101
100001111100111
100001111101101
100001111101111
100001111110011
100001111110101
100001111110111
100001111111011
100001111111101
100001111111111
100011000100101
100011000100111
100011000101101
100011000101111
100011000110011
100011000110101
100011000110111
100011000111011
100011000111101
100011000111111
100011001100101
100011001100111
100011001101101
100011001101111
100011001110011
100011001110101
100011001110111
100011001111011
100011001111101
100011001111111
100011010100011
100011010100101
100011010100111
100011010101011
100011010101101
100011010101111
100011010110011
100011010110101
100011010110111
100011010111011
100011010111101
100011010111111
100011011100011
100011011100101
100011011100111
100011011101011
100011011101101
100011011101111
100011011110011
100011011110101
100011011110111
100011011111011
100011011111101
100011011111111
100011100010101
100011100010111
100011100011111
100011100100101
100011100100111
100011100101101
100011100101111
100011100110101
100011100110111
100011100111101
100011100111111
100011101010101
100011101010111
100011101011111
100011101100101
100011101100111
100011101101101
100011101101111
100011101110101
100011101110111
100011101111101
100011101111111
100011110001011
100011110001101
100011110001111
100011110010101
100011110010111
100011110011111
100011110100101
100011110100111
100011110101101
100011110101111
100011110110011
100011110110101
100011110110111
100011110111011
100011110111101
100011110111111
100011111001011
100011111001101
100011111001111
100011111010101
100011111010111
100011111011111
100011111100101
100011111100111
100011111101101
100011111101111
100011111110011
100011111110101
100011111110111
100011111111011
100011111111101
100011111111111
100101000100011
100101000100101
100101000100111
100101000101011
100101000101101
100101000101111
100101000110011
100101000110101
100101000110111
100101000111011
100101000111101
100101000111111
100101001100011
100101001100101
100101001100111
100101001101011
100101001101101
100101001101111
100101001110011
100101001110101
100101001110111
100101001111011
100101001111101
100101001111111
100101010100011
100101010100101
100101010100111
100101010101011
100101010101101
100101010101111
100101010110011
100101010110101
100101010110111
100101010111011
100101010111101
100101010111111
100101011100011
100101011100101
100101011100111
100101011101011
100101011101101
100101011101111
100101011110011
100101011110101
100101011110111
100101011111011
100101011111101
100101011111111
100101100001011
100101100001101
100101100001111
100101100010101
100101100010111
100101100011111
100101100100011
100101100100101
100101100100111
100101100101011
100101100101101
100101100101111
100101100110011
100101100110101
100101100110111
100101100111011
100101100111101
100101100111111
100101101001011
100101101001101
100101101001111
100101101010101
100101101010111
100101101011111
100101101100011
100101101100101
100101101100111
100101101101011
100101101101101
100101101101111
100101101110011
100101101110101
100101101110111
100101101111011
100101101111101
100101101111111
100101110001011
100101110001101
100101110001111
100101110010101
100101110010111
100101110011111
100101110100011
100101110100101
100101110100111
100101110101011
100101110101101
100101110101111
100101110110011
100101110110101
100101110110111
100101110111011
100101110111101
100101110111111
100101111001011
100101111001101
100101111001111
100101111010101
100101111010111
100101111011111
100101111100011
100101111100101
100101111100111
100101111101011
100101111101101
100101111101111
100101111110011
100101111110101
100101111110111
100101111111011
100101111111101
100101111111111
100111000100011
100111000100101
100111000100111
100111000101011
100111000101101
100111000101111
100111000110011
100111000110101
100111000110111
100111000111011
100111000111101
100111000111111
100111001100011
100111001100101
100111001100111
100111001101011
100111001101101
100111001101111
100111001110011
100111001110101
100111001110111
100111001111011
100111001111101
100111001111111
100111010100011
100111010100101
100111010100111
100111010101011
100111010101101
100111010101111
100111010110011
100111010110101
100111010110111
100111010111011
100111010111101
100111010111111
100111011100011
100111011100101
100111011100111
100111011101011
100111011101101
100111011101111
100111011110011
100111011110101
100111011110111
100111011111011
100111011111101
100111011111111
100111100001011
100111100001101
100111100001111
100111100010101
100111100010111
100111100011111
100111100100011
100111100100101
100111100100111
100111100101011
100111100101101
100111100101111
100111100110011
100111100110101
100111100110111
100111100111011
100111100111101
100111100111111
100111101001011
100111101001101
100111101001111
100111101010101
100111101010111
100111101011111
100111101100011
100111101100101
100111101100111
100111101101011
100111101101101
100111101101111
100111101110011
100111101110101
100111101110111
100111101111011
100111101111101
100111101111111
100111110001011
100111110001101
100111110001111
100111110010101
100111110010111
100111110011111
100111110100011
100111110100101
100111110100111
100111110101011
100111110101101
100111110101111
100111110110011
100111110110101
100111110110111
100111110111011
100111110111101
100111110111111
100111111001011
100111111001101
100111111001111
100111111010101
100111111010111
100111111011111
100111111100011
100111111100101
100111111100111
100111111101011
100111111101101
100111111101111
100111111110011
100111111110101
100111111110111
100111111111011
100111111111101
100111111111111
101001000001101
101001000001111
101001000010101
101001000010111
101001000011101
101001000011111
101001000100101
101001000100111
101001000101101
101001000101111
101001000110101
101001000110111
101001000111101
101001000111111
101001001001111
101001001010101
101001001010111
101001001011101
101001001011111
101001001100101
101001001100111
101001001101101
101001001101111
101001001110101
101001001110111
101001001111101
101001001111111
101001010001101
101001010001111
101001010010101
101001010010111
101001010011101
101001010011111
101001010100101
101001010100111
101001010101101
101001010101111
101001010110101
101001010110111
101001010111101
101001010111111
101001011001101
101001011001111
101001011010101
101001011010111
101001011011101
101001011011111
101001011100101
101001011100111
101001011101101
101001011101111
101001011110101
101001011110111
101001011111101
101001011111111
101001100001101
101001100001111
101001100010101
101001100010111
101001100011101
101001100011111
101001100100101
101001100100111
101001100101101
101001100101111
101001100110101
101001100110111
101001100111101
101001100111111
101001101001101
101001101001111
101001101010101
101001101010111
101001101011101
101001101011111
101001101100101
101001101100111
101001101101101
101001101101111
101001101110101
101001101110111
101001101111101
101001101111111
101001110001101
101001110001111
101001110010101
101001110010111
101001110011101
101001110011111
101001110100101
101001110100111
101001110101101
101001110101111
101001110110101
101001110110111
101001110111101
101001110111111
101001111001101
101001111001111
101001111010101
101001111010111
101001111011101
101001111011111
101001111100101
101001111100111
101001111101101
101001111101111
101001111110101
101001111110111
101001111111101
101001111111111
101011000001101
101011000001111
101011000010101
101011000010111
101011000011101
101011000011111
101011000100101
101011000100111
101011000101101
101011000101111
101011000110101
101011000110111
101011000111101
101011000111111
101011001001111
101011001010101
101011001010111
101011001011101
101011001011111
101011001100101
101011001100111
101011001101101
101011001101111
101011001110101
101011001110111
101011001111101
101011001111111
101011010001101
101011010001111
101011010010101
101011010010111
101011010011101
101011010011111
101011010100101
101011010100111
101011010101101
101011010101111
101011010110101
101011010110111
101011010111101
101011010111111
101011011001101
101011011001111
101011011010101
101011011010111
101011011011101
101011011011111
101011011100101
101011011100111
101011011101101
101011011101111
101011011110101
101011011110111
101011011111101
101011011111111
101011100001101
101011100001111
101011100010101
101011100010111
101011100011101
101011100011111
101011100100101
101011100100111
101011100101101
101011100101111
101011100110101
101011100110111
101011100111101
101011100111111
101011101001101
101011101001111
101011101010101
101011101010111
101011101011101
101011101011111
101011101100101
101011101100111
101011101101101
101011101101111
101011101110101
101011101110111
101011101111101
101011101111111
101011110001101
101011110001111
101011110010101
101011110010111
101011110011101
101011110011111
101011110100101
101011110100111
101011110101101
101011110101111
101011110110101
101011110110111
101011110111101
101011110111111
101011111001101
101011111001111
101011111010101
101011111010111
101011111011101
101011111011111
101011111100101
101011111100111
101011111101101
101011111101111
101011111110101
101011111110111
101011111111101
101011111111111
101101000001011
101101000001101
101101000001111
101101000010011
101101000010101
101101000010111
101101000011011
101101000011101
101101000011111
101101000100101
101101000100111
101101000101101
101101000101111
101101000110011
101101000110101
101101000110111
101101000111011
101101000111101
101101000111111
101101001001011
101101001001101
101101001001111
101101001010011
101101001010101
101101001010111
101101001011011
101101001011101
101101001011111
101101001100101
101101001100111
101101001101101
101101001101111
101101001110011
101101001110101
101101001110111
101101001111011
101101001111101
101101001111111
101101010001011
101101010001101
101101010001111
101101010010011
101101010010101
101101010010111
101101010011011
101101010011101
101101010011111
101101010100011
101101010100101
101101010100111
101101010101011
101101010101101
101101010101111
101101010110011
101101010110101
101101010110111
101101010111011
101101010111101
101101010111111
101101011001011
101101011001101
101101011001111
101101011010011
101101011010101
101101011010111
101101011011011
101101011011101
101101011011111
101101011100011
101101011100101
101101011100111
101101011101011
101101011101101
101101011101111
101101011110011
101101011110101
101101011110111
101101011111011
101101011111101
101101011111111
101101100001101
101101100001111
101101100010101
101101100010111
101101100011101
101101100011111
101101100100101
101101100100111
101101100101101
101101100101111
101101100110101
101101100110111
101101100111101
101101100111111
101101101001101
101101101001111
101101101010101
101101101010111
101101101011101
101101101011111
101101101100101
101101101100111
101101101101101
101101101101111
101101101110101
101101101110111
101101101111101
101101101111111
101101110001011
101101110001101
101101110001111
101101110010011
101101110010101
101101110010111
101101110011011
101101110011101
101101110011111
101101110100101
101101110100111
101101110101101
101101110101111
101101110110011
101101110110101
101101110110111
101101110111011
101101110111101
101101110111111
101101111001011
101101111001101
101101111001111
101101111010011
101101111010101
101101111010111
101101111011011
101101111011101
101101111011111
101101111100101
101101111100111
101101111101101
101101111101111
101101111110011
101101111110101
101101111110111
101101111111011
101101111111101
101101111111111
101111000001011
101111000001101
101111000001111
101111000010011
101111000010101
101111000010111
101111000011011
101111000011101
101111000011111
101111000100101
101111000100111
101111000101101
101111000101111
101111000110011
101111000110101
101111000110111
101111000111011
101111000111101
101111000111111
101111001001011
101111001001101
101111001001111
101111001010011
101111001010101
101111001010111
101111001011011
101111001011101
101111001011111
101111001100101
101111001100111
101111001101101
101111001101111
101111001110011
101111001110101
101111001110111
101111001111011
101111001111101
101111001111111
101111010001011
101111010001101
101111010001111
101111010010011
101111010010101
101111010010111
101111010011011
101111010011101
101111010011111
101111010100011
101111010100101
101111010100111
101111010101011
101111010101101
101111010101111
101111010110011
101111010110101
101111010110111
101111010111011
101111010111101
101111010111111
101111011001011
101111011001101
101111011001111
101111011010011
101111011010101
101111011010111
101111011011011
101111011011101
101111011011111
101111011100011
101111011100101
101111011100111
101111011101011
101111011101101
101111011101111
101111011110011
101111011110101
101111011110111
101111011111011
101111011111101
101111011111111
101111100001101
101111100001111
101111100010101
101111100010111
101111100011101
101111100011111
101111100100101
101111100100111
101111100101101
101111100101111
101111100110101
101111100110111
101111100111101
101111100111111
101111101001101
101111101001111
101111101010101
101111101010111
101111101011101
101111101011111
101111101100101
101111101100111
101111101101101
101111101101111
101111101110101
101111101110111
101111101111101
101111101111111
101111110001011
101111110001101
101111110001111
101111110010011
101111110010101
101111110010111
101111110011011
101111110011101
101111110011111
101111110100101
101111110100111
101111110101101
101111110101111
101111110110011
101111110110101
101111110110111
101111110111011
101111110111101
101111110111111
101111111001011
101111111001101
101111111001111
101111111010011
101111111010101
101111111010111
101111111011011
101111111011101
101111111011111
101111111100101
101111111100111
101111111101101
101111111101111
101111111110011
101111111110101
101111111110111
101111111111011
101111111111101
101111111111111
110000100100101
110000100100111
110000100101101
110000100101111
110000100110101
110000100110111
110000100111101
110000100111111
110000101101101
110000101101111
110000101110101
110000101110111
110000101111101
110000101111111
110000110110011
110000110110101
110000110110111
110000110111011
110000110111101
110000110111111
110000111111011
110000111111101
110000111111111
110001000100101
110001000100111
110001000101101
110001000101111
110001000110011
110001000110101
110001000110111
110001000111011
110001000111101
110001000111111
110001001100101
110001001100111
110001001101101
110001001101111
110001001110011
110001001110101
110001001110111
110001001111011
110001001111101
110001001111111
110001010100101
110001010100111
110001010101101
110001010101111
110001010110011
110001010110101
110001010110111
110001010111011
110001010111101
110001010111111
110001011100101
110001011100111
110001011101101
110001011101111
110001011110011
110001011110101
110001011110111
110001011111011
110001011111101
110001011111111
110001100100101
110001100100111
110001100101101
110001100101111
110001100110101
110001100110111
110001100111101
110001100111111
110001101100101
110001101100111
110001101101101
110001101101111
110001101110101
110001101110111
110001101111101
110001101111111
110001110100101
110001110100111
110001110101101
110001110101111
110001110110011
110001110110101
110001110110111
110001110111011
110001110111101
110001110111111
110001111100101
110001111100111
110001111101101
110001111101111
110001111110011
110001111110101
110001111110111
110001111111011
110001111111101
110001111111111
110010100100101
110010100100111
110010100101101
110010100101111
110010100110101
110010100110111
110010100111101
110010100111111
110010101101101
110010101101111
110010101110101
110010101110111
110010101111101
110010101111111
110010110110011
110010110110101
110010110110111
110010110111011
110010110111101
110010110111111
110010111111011
110010111111101
110010111111111
110011000100101
110011000100111
110011000101101
110011000101111
110011000110011
110011000110101
110011000110111
110011000111011
110011000111101
110011000111111
110011001100101
110011001100111
110011001101101
110011001101111
110011001110011
110011001110101
110011001110111
110011001111011
110011001111101
110011001111111
110011010100101
110011010100111
110011010101101
110011010101111
110011010110011
110011010110101
110011010110111
110011010111011
110011010111101
110011010111111
110011011100101
110011011100111
110011011101101
110011011101111
110011011110011
110011011110101
110011011110111
110011011111011
110011011111101
110011011111111
110011100100101
110011100100111
110011100101101
110011100101111
110011100110101
110011100110111
110011100111101
110011100111111
110011101100101
110011101100111
110011101101101
110011101101111
110011101110101
110011101110111
110011101111101
110011101111111
110011110100101
110011110100111
110011110101101
110011110101111
110011110110011
110011110110101
110011110110111
110011110111011
110011110111101
110011110111111
110011111100101
110011111100111
110011111101101
110011111101111
110011111110011
110011111110101
110011111110111
110011111111011
110011111111101
110011111111111
110100100100011
110100100100101
110100100100111
110100100101011
110100100101101
110100100101111
110100100110011
110100100110101
110100100110111
110100100111011
110100100111101
110100100111111
110100101101011
110100101101101
110100101101111
110100101110011
110100101110101
110100101110111
110100101111011
110100101111101
110100101111111
110100110110011
110100110110101
110100110110111
110100110111011
110100110111101
110100110111111
110100111111011
110100111111101
110100111111111
110101000100011
110101000100101
110101000100111
110101000101011
110101000101101
110101000101111
110101000110011
110101000110101
110101000110111
110101000111011
110101000111101
110101000111111
110101001100011
110101001100101
110101001100111
110101001101011
110101001101101
110101001101111
110101001110011
110101001110101
110101001110111
110101001111011
110101001111101
110101001111111
110101010100011
110101010100101
110101010100111
110101010101011
110101010101101
110101010101111
110101010110011
110101010110101
110101010110111
110101010111011
110101010111101
110101010111111
110101011100011
110101011100101
110101011100111
110101011101011
110101011101101
110101011101111
110101011110011
110101011110101
110101011110111
110101011111011
110101011111101
110101011111111
110101100100011
110101100100101
110101100100111
110101100101011
110101100101101
110101100101111
110101100110011
110101100110101
110101100110111
110101100111011
110101100111101
110101100111111
110101101100011
110101101100101
110101101100111
110101101101011
110101101101101
110101101101111
110101101110011
110101101110101
110101101110111
110101101111011
110101101111101
110101101111111
110101110100011
110101110100101
110101110100111
110101110101011
110101110101101
110101110101111
110101110110011
110101110110101
110101110110111
110101110111011
110101110111101
110101110111111
110101111100011
110101111100101
110101111100111
110101111101011
110101111101101
110101111101111
110101111110011
110101111110101
110101111110111
110101111111011
110101111111101
110101111111111
110110100100011
110110100100101
110110100100111
110110100101011
110110100101101
110110100101111
110110100110011
110110100110101
110110100110111
110110100111011
110110100111101
110110100111111
110110101101011
110110101101101
110110101101111
110110101110011
110110101110101
110110101110111
110110101111011
110110101111101
110110101111111
110110110110011
110110110110101
110110110110111
110110110111011
110110110111101
110110110111111
110110111111011
110110111111101
110110111111111
110111000100011
110111000100101
110111000100111
110111000101011
110111000101101
110111000101111
110111000110011
110111000110101
110111000110111
110111000111011
110111000111101
110111000111111
110111001100011
110111001100101
110111001100111
110111001101011
110111001101101
110111001101111
110111001110011
110111001110101
110111001110111
110111001111011
110111001111101
110111001111111
110111010100011
110111010100101
110111010100111
110111010101011
110111010101101
110111010101111
110111010110011
110111010110101
110111010110111
110111010111011
110111010111101
110111010111111
110111011100011
110111011100101
110111011100111
110111011101011
110111011101101
110111011101111
110111011110011
110111011110101
110111011110111
110111011111011
110111011111101
110111011111111
110111100100011
110111100100101
110111100100111
110111100101011
110111100101101
110111100101111
110111100110011
110111100110101
110111100110111
110111100111011
110111100111101
110111100111111
110111101100011
110111101100101
110111101100111
110111101101011
110111101101101
110111101101111
110111101110011
110111101110101
110111101110111
110111101111011
110111101111101
110111101111111
110111110100011
110111110100101
110111110100111
110111110101011
110111110101101
110111110101111
110111110110011
110111110110101
110111110110111
110111110111011
110111110111101
110111110111111
110111111100011
110111111100101
110111111100111
110111111101011
110111111101101
110111111101111
110111111110011
110111111110101
110111111110111
110111111111011
110111111111101
110111111111111
111000010010101
111000010010111
111000010011111
111000010100101
111000010100111
111000010101101
111000010101111
111000010110101
111000010110111
111000010111101
111000010111111
111000011011111
111000011100101
111000011100111
111000011101101
111000011101111
111000011110101
111000011110111
111000011111101
111000011111111
111000100100101
111000100100111
111000100101101
111000100101111
111000100110101
111000100110111
111000100111101
111000100111111
111000101101101
111000101101111
111000101110101
111000101110111
111000101111101
111000101111111
111000110110101
111000110110111
111000110111101
111000110111111
111000111111101
111000111111111
111001000100101
111001000100111
111001000101101
111001000101111
111001000110101
111001000110111
111001000111101
111001000111111
111001001100101
111001001100111
111001001101101
111001001101111
111001001110101
111001001110111
111001001111101
111001001111111
111001010100101
111001010100111
111001010101101
111001010101111
111001010110101
111001010110111
111001010111101
111001010111111
111001011100101
111001011100111
111001011101101
111001011101111
111001011110101
111001011110111
111001011111101
111001011111111
111001100010101
111001100010111
111001100011111
111001100100101
111001100100111
111001100101101
111001100101111
111001100110101
111001100110111
111001100111101
111001100111111
111001101010101
111001101010111
111001101011111
111001101100101
111001101100111
111001101101101
111001101101111
111001101110101
111001101110111
111001101111101
111001101111111
111001110010101
111001110010111
111001110011111
111001110100101
111001110100111
111001110101101
111001110101111
111001110110101
111001110110111
111001110111101
111001110111111
111001111010101
111001111010111
111001111011111
111001111100101
111001111100111
111001111101101
111001111101111
111001111110101
111001111110111
111001111111101
111001111111111
111010010010101
111010010010111
111010010011111
111010010100101
111010010100111
111010010101101
111010010101111
111010010110101
111010010110111
111010010111101
111010010111111
111010011011111
111010011100101
111010011100111
111010011101101
111010011101111
111010011110101
111010011110111
111010011111101
111010011111111
111010100100101
111010100100111
111010100101101
111010100101111
111010100110101
111010100110111
111010100111101
111010100111111
111010101101101
111010101101111
111010101110101
111010101110111
111010101111101
111010101111111
111010110110101
111010110110111
111010110111101
111010110111111
111010111111101
111010111111111
111011000100101
111011000100111
111011000101101
111011000101111
111011000110101
111011000110111
111011000111101
111011000111111
111011001100101
111011001100111
111011001101101
111011001101111
111011001110101
111011001110111
111011001111101
111011001111111
111011010100101
111011010100111
111011010101101
111011010101111
111011010110101
111011010110111
111011010111101
111011010111111
111011011100101
111011011100111
111011011101101
111011011101111
111011011110101
111011011110111
111011011111101
111011011111111
111011100010101
111011100010111
111011100011111
111011100100101
111011100100111
111011100101101
111011100101111
111011100110101
111011100110111
111011100111101
111011100111111
111011101010101
111011101010111
111011101011111
111011101100101
111011101100111
111011101101101
111011101101111
111011101110101
111011101110111
111011101111101
111011101111111
111011110010101
111011110010111
111011110011111
111011110100101
111011110100111
111011110101101
111011110101111
111011110110101
111011110110111
111011110111101
111011110111111
111011111010101
111011111010111
111011111011111
111011111100101
111011111100111
111011111101101
111011111101111
111011111110101
111011111110111
111011111111101
111011111111111
111100001001011
111100001001101
111100001001111
111100001010101
111100001010111
111100001011111
111100001100101
111100001100111
111100001101101
111100001101111
111100001110011
111100001110101
111100001110111
111100001111011
111100001111101
111100001111111
111100010010101
111100010010111
111100010011111
111100010100011
111100010100101
111100010100111
111100010101011
111100010101101
111100010101111
111100010110011
111100010110101
111100010110111
111100010111011
111100010111101
111100010111111
111100011011111
111100011100101
111100011100111
111100011101011
111100011101101
111100011101111
111100011110011
111100011110101
111100011110111
111100011111011
111100011111101
111100011111111
111100100100101
111100100100111
111100100101101
111100100101111
111100100110101
111100100110111
111100100111101
111100100111111
111100101101101
111100101101111
111100101110101
111100101110111
111100101111101
111100101111111
111100110110011
111100110110101
111100110110111
111100110111011
111100110111101
111100110111111
111100111111011
111100111111101
111100111111111
111101000100101
111101000100111
111101000101101
111101000101111
111101000110011
111101000110101
111101000110111
111101000111011
111101000111101
111101000111111
111101001100101
111101001100111
111101001101101
111101001101111
111101001110011
111101001110101
111101001110111
111101001111011
111101001111101
111101001111111
111101010100011
111101010100101
111101010100111
111101010101011
111101010101101
111101010101111
111101010110011
111101010110101
111101010110111
111101010111011
111101010111101
111101010111111
111101011100011
111101011100101
111101011100111
111101011101011
111101011101101
111101011101111
111101011110011
111101011110101
111101011110111
111101011111011
111101011111101
111101011111111
111101100010101
111101100010111
111101100011111
111101100100101
111101100100111
111101100101101
111101100101111
111101100110101
111101100110111
111101100111101
111101100111111
111101101010101
111101101010111
111101101011111
111101101100101
111101101100111
111101101101101
111101101101111
111101101110101
111101101110111
111101101111101
111101101111111
111101110001011
111101110001101
111101110001111
111101110010101
111101110010111
111101110011111
111101110100101
111101110100111
111101110101101
111101110101111
111101110110011
111101110110101
111101110110111
111101110111011
111101110111101
111101110111111
111101111001011
111101111001101
111101111001111
111101111010101
111101111010111
111101111011111
111101111100101
111101111100111
111101111101101
111101111101111
111101111110011
111101111110101
111101111110111
111101111111011
111101111111101
111101111111111
111110001001011
111110001001101
111110001001111
111110001010101
111110001010111
111110001011111
111110001100101
111110001100111
111110001101101
111110001101111
111110001110011
111110001110101
111110001110111
111110001111011
111110001111101
111110001111111
111110010010101
111110010010111
111110010011111
111110010100011
111110010100101
111110010100111
111110010101011
111110010101101
111110010101111
111110010110011
111110010110101
111110010110111
111110010111011
111110010111101
111110010111111
111110011011111
111110011100101
111110011100111
111110011101011
111110011101101
111110011101111
111110011110011
111110011110101
111110011110111
111110011111011
111110011111101
111110011111111
111110100100101
111110100100111
111110100101101
111110100101111
111110100110101
111110100110111
111110100111101
111110100111111
111110101101101
111110101101111
111110101110101
111110101110111
111110101111101
111110101111111
111110110110011
111110110110101
111110110110111
111110110111011
111110110111101
111110110111111
111110111111011
111110111111101
111110111111111
111111000100101
111111000100111
111111000101101
111111000101111
111111000110011
111111000110101
111111000110111
111111000111011
111111000111101
111111000111111
111111001100101
111111001100111
111111001101101
111111001101111
111111001110011
111111001110101
111111001110111
111111001111011
111111001111101
111111001111111
111111010100011
111111010100101
111111010100111
111111010101011
111111010101101
111111010101111
111111010110011
111111010110101
111111010110111
111111010111011
111111010111101
111111010111111
111111011100011
111111011100101
111111011100111
111111011101011
111111011101101
111111011101111
111111011110011
111111011110101
111111011110111
111111011111011
111111011111101
111111011111111
111111100010101
111111100010111
111111100011111
111111100100101
111111100100111
111111100101101
111111100101111
111111100110101
111111100110111
111111100111101
111111100111111
111111101010101
111111101010111
111111101011111
111111101100101
111111101100111
111111101101101
111111101101111
111111101110101
111111101110111
111111101111101
111111101111111
111111110001011
111111110001101
111111110001111
111111110010101
111111110010111
111111110011111
111111110100101
111111110100111
111111110101101
111111110101111
111111110110011
111111110110101
111111110110111
111111110111011
111111110111101
111111110111111
111111111001011
111111111001101
111111111001111
111111111010101
111111111010111
111111111011111
111111111100101
111111111100111
111111111101101
111111111101111
111111111110011
111111111110101
111111111110111
111111111111011
111111111111101
111111111111111
