000010001001011
000010001001101
000010001001110
000010001010101
000010001010110
000010001011110
000010001100101
000010001100110
000010001101100
000010001110001
000010001111000
000010010010101
000010010011110
000010010100011
000010010100101
000010010100110
000010010101001
000010010101100
000010010110001
000010010111000
000010011011110
000010011100100
000010011100110
000010011101000
000010011101100
000010011110000
000010011110010
000010011111000
000010100100101
000010100100110
000010100101100
000010101101100
000010110110001
000010110111000
000010111111000
000011000100101
000011000100110
000011000101100
000011000110001
000011000111000
000011001100100
000011001110000
000011010100001
000011010100010
000011010101000
000011011100000
000011110000001
000011111000000
000100010010101
000100010100011
000100010100101
000100010101001
000100010110001
000100100100101
000100101101001
000100101110001
000100110110001
000101000100011
000101000100101
000101000101001
000101000110001
000101001100001
000101010100001
000101100000011
000101100000101
000101101000001
000101110000001
000110011011110
000110011100110
000110011101000
000110011101100
000110011111000
000110100100110
000110101101100
000110101110000
000110101111000
000110111111000
000111000100010
000111000100110
000111000101000
000111000101100
000111000111000
000111001100000
000111001100100
000111001110000
000111011100000
000111100000010
000111100000110
000111100001100
000111101000000
000111101000100
000111111000000
001000100100101
001000100100110
001001000010101
001001000011110
001001000100101
001001000100110
001001001010110
001001010000101
001001011000110
001001100000101
001001100000110
001010101101100
001011000101100
001011001010100
001011001100100
001011010001100
001011011000100
001011100000100
001011100001100
001011101000100
001110111111000
001111000111000
001111001110000
001111011000000
001111011100000
001111111000000
010001000100101
010001000100110
010001000101100
010001000111000
010011001100100
010011001110000
010101010100001
010111011100000
011111111000000
100001000100101
100001000100110
100001000101100
100001000111000
100001001100100
100001001110000
100001010100001
100001011100000
100001111000000
100011000100100
100011000110000
100011010100000
100011110000000
100101000100001
100101100000001
100111000100000
100111100000000
101011000000100
101111000000000
111110000000000
