000010001001011
000010001001101
000010001001110
000010001010101
000010001010110
000010001100101
000010001100110
000010001101100
000010001110001
000010001111000
000010010010101
000010010100011
000010010100101
000010010100110
000010010101001
000010010101100
000010010110001
000010010111000
000010011100100
000010011101000
000010011110000
000010100100101
000010100100110
000010100101100
000011000100101
000011000100110
000011000101100
000011000110001
000011000111000
000011001100100
000011001110000
000011010100001
000011010100010
000011010101000
000011011100000
000011110000001
000011111000000
000100010010101
000100010100011
000100010100101
000100010101001
000100010110001
000100100100101
000101000100011
000101000100101
000101000101001
000101000110001
000101001100001
000101010100001
000101100000011
000101100000101
000101101000001
000101110000001
000111000100010
000111000101000
000111001100000
000111100000010
000111101000000
001000100100101
001000100100110
001001000010101
001001000100101
001001000100110
001001010000101
001001100000101
001001100000110
001011100000100
010001000100101
010001000100110
010001000101100
010001000111000
100001000100101
100001000100110
100001000101100
100001000111000
100001001100100
100001001110000
100001010100001
100001011100000
100001111000000
100011000100100
100011000110000
100011010100000
100011110000000
100101000100001
100101100000001
100111000100000
100111100000000
101011000000100
101111000000000
111110000000000
