000001000010001001011
000001000010001001101
000001000010001001110
000001000010001010101
000001000010001010110
000001000010001100101
000001000010001100110
000001000010001101100
000001000010001110001
000001000010001111000
000001000010010010101
000001000010010010110
000001000010010100011
000001000010010100101
000001000010010100110
000001000010010101001
000001000010010101100
000001000010010110001
000001000010010110010
000001000010010111000
000001000010011100100
000001000010011101000
000001000010011110000
000001000010100100101
000001000010100100110
000001000010100101100
000001000011000100101
000001000011000100110
000001000011000101100
000001000011000110001
000001000011000111000
000001000011001100100
000001000011001110000
000001000011010100001
000001000011010100010
000001000011010101000
000001000011011100000
000001000011110000001
000001000011111000000
000001000100010010101
000001000100010100011
000001000100010100101
000001000100010101001
000001000100010110001
000001000100011100010
000001000100011101000
000001000100100100101
000001000100100100110
000001000100100101100
000001000100100111000
000001000100101110000
000001000101000100011
000001000101000100101
000001000101000100110
000001000101000101001
000001000101000101100
000001000101000110001
000001000101000111000
000001000101001100001
000001000101001100100
000001000101001110000
000001000101010100001
000001000101011100000
000001000101100000011
000001000101100000101
000001000101100000110
000001000101100001100
000001000101101000001
000001000101101000100
000001000101110000001
000001000101111000000
000001000110100100100
000001000111000100010
000001000111000100100
000001000111000101000
000001000111000110000
000001000111001100000
000001000111010100000
000001000111100000010
000001000111100000100
000001000111101000000
000001000111110000000
000001001000100100101
000001001000100100110
000001001000100101100
000001001001000010101
000001001001000010110
000001001001000100101
000001001001000100110
000001001001000101100
000001001001001010100
000001001001001100100
000001001001010000101
000001001001010000110
000001001001010001100
000001001001011000100
000001001001100000101
000001001001100000110
000001001001100001100
000001001001101000100
000001001011000100100
000001001011010000100
000001001011100000100
000001001101010000001
000001001101010000010
000001001101011000000
000001010001000100101
000001010001000100110
000001010001000101100
000001010001000110001
000001010001000111000
000001010001001100100
000001010001001110000
000001100001000100101
000001100001000100110
000001100001000101100
000001100001000110001
000001100001000111000
000001100001001100100
000001100001001110000
000001100001010100001
000001100001010100010
000001100001010101000
000001100001011100000
000001100001110000001
000001100001111000000
000001100011000100100
000001100011000110000
000001100011010100000
000001100011110000000
000001100101000100001
000001100101000100010
000001100101000101000
000001100101001100000
000001100101100000001
000001100101100000010
000001100101101000000
000001100111000100000
000001100111100000000
000001101001000000101
000001101001000000110
000001101011000000100
000001101101000000001
000001101101000001000
000001101101001000000
000001101111000000000
000001111100000000001
000001111110000000000
000010000100010010101
000010000100010100011
000010000100010100101
000010000100010101001
000010000100010110001
000010000100100100011
000010000100100100101
000010000101000100011
000010000101000100101
000010000101000101001
000010000101000110001
000010000101001100001
000010000101010100001
000010000101100000011
000010000101100000101
000010000101101000001
000010000101110000001
000010001000100100101
000010001001000001011
000010001001000001101
000010001001000010101
000010001001000100101
000010001001001000011
000010001001001000101
000010001001010000011
000010001001010000101
000010001001100000101
000010001011000100001
000010001011001000001
000010001011010000001
000010001011100000001
000010001101000100001
000010001101010000001
000010001101100000001
000010010001000100011
000010010001000100101
000010010001000101001
000010010001000110001
000010010001010100001
000010100001000100011
000010100001000100101
000010100001000101001
000010100001000110001
000010100001001100001
000010100001010100001
000010100001100000011
000010100001100000101
000010100001101000001
000010100001110000001
000010100011000100001
000010100011100000001
000010100101000100001
000010100101100000001
000010101001000000011
000010101001000000101
000010101001000001001
000010101001000010001
000010101001001000001
000010101001010000001
000010101011000000001
000010101101000000001
000010111000000000011
000010111000000000101
000010111010000000001
000010111100000000001
000011001011001000000
000011001011010000000
000011010001000100010
000011010001000101000
000011100001000100010
000011100001000101000
000011100001001100000
000011100001100000010
000011100001101000000
000011100011000100000
000011100011100000000
000011101001000000010
000011101001000001000
000011101001001000000
000011101011000000000
000011111000000000010
000011111010000000000
000100001000100100101
000100001000100100110
000100001001000010101
000100001001000100101
000100001001000100110
000100001001010000101
000100001001100000101
000100001001100000110
000100010001000100101
000100010001000100110
000100100001000001101
000100100001000001110
000100100001000010101
000100100001000100101
000100100001000100110
000100100001001000110
000100100001010000101
000100100001100000101
000100100001100000110
000100100011000000101
000100100011000000110
000100100101000000101
000100101001000000101
000100101001000000110
000100110000000001101
000100110000000001110
000100110000000010101
000100110000000100101
000100110000000100110
000100110010000000101
000100110010000000110
000100110100000000101
000100111000000000101
000100111000000000110
000101100001000100100
000101100001100000100
000101100011000000100
000101100101000000100
000101101001000000100
000101110000000010100
000101110000000100100
000101110010000000100
000101110100000000100
000101111000000000100
000111110010000000000
001000010001000100101
001000010001000100110
001000010001000101100
001000010001000111000
001000100000100100101
001000100000100100110
001000100001000100101
001000100001000100110
001000100001000101100
001000100001000111000
001000101000000100101
001000101000000100110
001000110000000100101
001000110000000100110
001000110000000101100
001000110000000111000
001001110000000100100
001001110000000110000
010000100001000100101
010000100001000100110
010000100001000101100
010000100001000111000
010000100001001100100
010000100001001110000
010000100001010100001
010000100001011100000
010000100001111000000
100000100001000100101
100000100001000100110
100000100001000101100
100000100001000111000
100000100001001100100
100000100001001110000
100000100001010100001
100000100001011100000
100000100001111000000
100000100011000100100
100000100011000110000
100000100011010100000
100000100011110000000
100000100101000100001
100000100101100000001
100000100111000100000
100000100111100000000
100000101011000000100
100000101111000000000
100000111110000000000
100001100001000100100
100001100001000110000
100001100001010100000
100001100001110000000
100001100101000100000
100001100101100000000
100001101001000000100
100001101101000000000
100001111100000000000
100010100001000100001
100010100001100000001
100010101001000000001
100010111000000000001
100011100001000100000
100011100001100000000
100011101001000000000
100011111000000000000
100100100001000000101
100100100001000000110
100100110000000000110
100101100001000000100
100101110000000000100
100111100001000000000
100111110000000000000
101010100000000100001
101011100000000100000
101111100000000000000
111111000000000000000
