0001001011
0001001101
0001001111
0001010101
0001010111
0001011111
0001100101
0001100111
0001101101
0001101111
0001110011
0001110101
0001110111
0001111011
0001111101
0001111111
0010010101
0010010111
0010011111
0010100011
0010100101
0010100111
0010101011
0010101101
0010101111
0010110011
0010110101
0010110111
0010111011
0010111101
0010111111
0011011111
0011100101
0011100111
0011101011
0011101101
0011101111
0011110011
0011110101
0011110111
0011111011
0011111101
0011111111
0100100101
0100100111
0100101101
0100101111
0100110101
0100110111
0100111101
0100111111
0101101101
0101101111
0101110101
0101110111
0101111101
0101111111
0110110011
0110110101
0110110111
0110111011
0110111101
0110111111
0111111011
0111111101
0111111111
1000100101
1000100111
1000101101
1000101111
1000110011
1000110101
1000110111
1000111011
1000111101
1000111111
1001100101
1001100111
1001101101
1001101111
1001110011
1001110101
1001110111
1001111011
1001111101
1001111111
1010100011
1010100101
1010100111
1010101011
1010101101
1010101111
1010110011
1010110101
1010110111
1010111011
1010111101
1010111111
1011100011
1011100101
1011100111
1011101011
1011101101
1011101111
1011110011
1011110101
1011110111
1011111011
1011111101
1011111111
1100010101
1100010111
1100011111
1100100101
1100100111
1100101101
1100101111
1100110101
1100110111
1100111101
1100111111
1101010101
1101010111
1101011111
1101100101
1101100111
1101101101
1101101111
1101110101
1101110111
1101111101
1101111111
1110001011
1110001101
1110001111
1110010101
1110010111
1110011111
1110100101
1110100111
1110101101
1110101111
1110110011
1110110101
1110110111
1110111011
1110111101
1110111111
1111001011
1111001101
1111001111
1111010101
1111010111
1111011111
1111100101
1111100111
1111101101
1111101111
1111110011
1111110101
1111110111
1111111011
1111111101
1111111111
